Stats pour PASSE : NbEntree = 16947488
0,182187, 0,187146, 0,225876, 0,225890, 0,225753, 0,225920, 0,225735, 0,225700, 0,225708, 0,225800, 0,225841,
0,225671, 0,225703, 0,225683, 0,225739, 0,225773, 0,217578, 0,216517, 0,216433, 0,216580, 0,216018, 0,154417,
0,239035, 0,238889, 0,238893, 0,238962, 0,238944, 0,239055, 0,239085, 0,239049, 0,239080, 0,239101, 0,236182, 0,233236, 0,229327, 0,219118,
0,239048, 0,239047, 0,239048, 0,239073, 0,238980, 0,239034, 0,239203, 0,239073, 0,239007, 0,239136, 0,236170, 0,233297, 0,229383, 0,219192,
0,238771, 0,239036, 0,239030, 0,238893, 0,238962, 0,239119, 0,239075, 0,239060, 0,238994, 0,239045, 0,236194, 0,233097, 0,229181, 0,219078,
0,239169, 0,239149, 0,239055, 0,239035, 0,239124, 0,239093, 0,239126, 0,239020, 0,239044, 0,239031, 0,236166, 0,233060, 0,229112, 0,218967


Stats pour PETITE : NbEntree = 1433869
0,414592, 0,376481, 0,258319, 0,258887, 0,258626, 0,258209, 0,258844, 0,258507, 0,259220, 0,259011, 0,257664,
0,258830, 0,258589, 0,259184, 0,258922, 0,258941, 0,293820, 0,297549, 0,297688, 0,297321, 0,295906, 0,553087,
0,194212, 0,194679, 0,195015, 0,194610, 0,194342, 0,194372, 0,194745, 0,194604, 0,194023, 0,194129, 0,207232, 0,220429, 0,236379, 0,280742,
0,194167, 0,194117, 0,193760, 0,194855, 0,194694, 0,194260, 0,193757, 0,193980, 0,193898, 0,193789, 0,206812, 0,220088, 0,237264, 0,279627,
0,194282, 0,193747, 0,194593, 0,194710, 0,194528, 0,194313, 0,194130, 0,194588, 0,194334, 0,194341, 0,207059, 0,221238, 0,237202, 0,281169,
0,193539, 0,193774, 0,193900, 0,194278, 0,194006, 0,194094, 0,194181, 0,194428, 0,193606, 0,194060, 0,207158, 0,221217, 0,237329, 0,281418


Stats pour GARDE : NbEntree = 1538495
0,563282, 0,545869, 0,255866, 0,255780, 0,256460, 0,255673, 0,256523, 0,257223, 0,256390, 0,255812, 0,256685,
0,257269, 0,257127, 0,256804, 0,256076, 0,256811, 0,309674, 0,316361, 0,316655, 0,316706, 0,322562, 0,735329,
0,178632, 0,179078, 0,179389, 0,179109, 0,178912, 0,178716, 0,177715, 0,178051, 0,178049, 0,178490, 0,196590, 0,215282, 0,241747, 0,307514,
0,178042, 0,178680, 0,178699, 0,177824, 0,178445, 0,179073, 0,177434, 0,178487, 0,178388, 0,177885, 0,196897, 0,215121, 0,241107, 0,306404,
0,178037, 0,178781, 0,178371, 0,178685, 0,178825, 0,178342, 0,178178, 0,178238, 0,178696, 0,178453, 0,196660, 0,216417, 0,242027, 0,307627,
0,177384, 0,177627, 0,178207, 0,178518, 0,178396, 0,178047, 0,178109, 0,178068, 0,179136, 0,178861, 0,196641, 0,216577, 0,242278, 0,308120


Stats pour GARDE_SANS : NbEntree = 64240
0,740971, 0,773428, 0,292014, 0,291594, 0,292092, 0,293011, 0,295626, 0,295937, 0,290862, 0,296498, 0,293789,
0,292839, 0,297323, 0,292030, 0,295112, 0,293151, 0,382223, 0,397354, 0,395330, 0,393197, 0,414212, 0,898817,
0,146949, 0,150078, 0,148257, 0,146031, 0,148023, 0,146871, 0,145626, 0,148070, 0,147400, 0,144723, 0,169505, 0,191361, 0,231834, 0,325187,
0,146248, 0,144754, 0,145408, 0,142668, 0,146171, 0,144925, 0,143431, 0,146933, 0,145906, 0,147447, 0,166111, 0,191049, 0,229219, 0,321202,
0,147167, 0,145953, 0,144365, 0,144209, 0,143789, 0,144754, 0,144707, 0,146622, 0,144988, 0,147089, 0,167263, 0,194225, 0,231507, 0,325841,
0,145486, 0,145501, 0,144614, 0,143400, 0,141983, 0,145595, 0,144552, 0,147089, 0,145672, 0,145548, 0,168960, 0,193509, 0,232472, 0,324346


Stats pour GARDE_CONTRE : NbEntree = 15908
0,899736, 0,916394, 0,304627, 0,310347, 0,305821, 0,305695, 0,307518, 0,316193, 0,310410, 0,306764, 0,310787,
0,317073, 0,312736, 0,316507, 0,322102, 0,313113, 0,420292, 0,435630, 0,435127, 0,437264, 0,461592, 0,973598,
0,132323, 0,134021, 0,132575, 0,135844, 0,133455, 0,131380, 0,130438, 0,130815, 0,129557, 0,126917, 0,153885, 0,180098, 0,224101, 0,325371,
0,128552, 0,128237, 0,128426, 0,134209, 0,124654, 0,129243, 0,130940, 0,128049, 0,131695, 0,124780, 0,151056, 0,179784, 0,216809, 0,316570,
0,126980, 0,123586, 0,127546, 0,128112, 0,128363, 0,130438, 0,128112, 0,127986, 0,126540, 0,123774, 0,154639, 0,179847, 0,221964, 0,326188,
0,125974, 0,125094, 0,128866, 0,128363, 0,131569, 0,124089, 0,121637, 0,130878, 0,124277, 0,127043, 0,156525, 0,181732, 0,218821, 0,327948
